966.602661
968.296326
968.310059
968.598083
971.258728
969.852966
969.276917
969.990112
972.890930
974.934692
977.376404
980.353271
981.601746
984.592773
985.978577
988.304443
992.510559
994.507507
995.557434
997.225098
999.874329
1007.205322
1005.880432
1008.084045
1007.754517
1007.720215
1006.457031
1008.509705
1010.184875
1007.527954
1006.546265
1006.711060
1006.532593
1006.045166
1007.164124
1008.454773
1007.370056
1007.527954
1007.589783
1006.965027
1007.884949
1009.587585
1012.848816
1014.050415
1017.264038
1020.340576
1024.825439
1025.979370
1024.770508
1023.740234
1025.038330
1025.945068
1023.747070
1025.038330
1024.495728
1024.220947
1024.736084
1026.487671
1024.172974
1024.667480
1024.035522
1023.534180
1021.460022
1021.906433
1024.001221
1024.543823
1024.234741
1023.108337
1024.509521
1022.023193
1025.491699
1023.932556
1025.883179
1021.446289
1023.087708
1024.385864
1022.641296
1023.231995
1025.560425
1026.803589
1025.766479
1022.586365
1021.508118
1023.740234
1021.659180
1020.732056
1019.262390
1016.446838
1015.856323
1013.768860
1010.486938
1013.157776
1015.100952
1014.929321
1012.594788
1013.658997
1012.848816
1012.155334
1008.338074
1010.177979
1010.383972
1008.592102
1005.214539
1004.768372
1004.411377
1000.100830
999.489990
996.978027
997.067261
997.678101
997.417297
999.812561
999.139954
995.214355
993.581055
994.438843
995.687866
994.528076
994.294739
992.284119
988.153503
988.873901
989.875671
984.476135
987.652649
988.126038
982.761108
983.700928
985.429749
985.162170
983.913574
983.440247
983.412781
980.757996
979.811401
978.453247
982.033936
977.390076
976.038940
973.665894
972.685181
971.498779
975.510803
972.623474
968.172913
972.788086
969.750122
969.030090
966.739807
965.985596
966.143311
968.632324
968.735229
967.350098
967.665527
967.631226
967.720337
971.978821
969.942078
969.050659
968.954651
969.400391
969.455200
969.647217
968.735229
967.199219
971.697632
970.086121
967.871216
965.197083
966.657532
968.001526
967.521484
967.720337
967.987793
968.961487
970.826721
971.581055
968.522644
969.324951
970.504395
968.598083
969.455200
971.169617
969.695251
968.289490
967.398071
965.738770
966.458679
965.663330
967.980957
968.550049
967.048401
967.603821
968.255188
968.070068
971.059875
972.273682
968.351196
969.475769
968.159241
967.994629
967.199219
968.063232
969.297485
967.658630
966.150146
965.375366
966.424438
969.551208
967.082642
971.731934
970.566162
970.483826
969.599243
972.143433
970.339844
971.855408
969.043762
972.575439
969.215210
970.874756
971.965088
972.390320
971.951416
968.707764
966.534119
967.055237
968.481506
968.714661
969.400391
973.960815
969.907837
969.578674
968.323792
969.640381
967.322632
969.407227
968.659790
968.364929
971.594788
972.239441
970.861023
973.981384
968.982056
971.649658
971.827942
971.958252
972.520569
971.409607
971.224487
972.047424
971.574219
972.417725
972.109131
971.464478
970.051819
971.238159
969.750122
970.730713
968.611755
971.512512
969.078064
969.311218
972.692017
966.252991
972.575439
970.257568
969.846069
971.629089
969.866638
968.625488
969.887268
968.035767
971.656494
970.826721
971.107910
967.898621
970.072388
971.245056
968.076904
968.502075
970.278137
970.675842
968.659790
971.217590
966.081604
965.245056
965.409607
967.027832
966.630127
967.946655
966.300964
967.356934
966.348999
967.130676
969.338623
970.113525
