Log Stop
GYRO
-0.525000,-0.070000,-0.455000
-0.455000,0.087500,-0.525000
-0.525000,0.122500,-0.385000
-0.385000,-0.017500,-0.420000
-0.420000,0.140000,-0.647500
-0.647500,0.070000,-0.612500
-0.612500,0.000000,-0.734999
-0.734999,0.000000,-0.717499
-0.717499,0.035000,-0.682500
-0.682500,0.280000,-0.455000
-0.455000,0.157500,-0.542500
-0.542500,0.087500,-0.595000
-0.595000,0.140000,-0.595000
-0.595000,0.192500,-0.437500
-0.437500,0.105000,-0.507500
-0.507500,-0.052500,-0.577500
-0.577500,0.052500,-0.734999
-0.734999,0.070000,-0.385000
-0.385000,0.070000,-0.437500
-0.437500,0.175000,-0.612500
-0.612500,0.087500,-0.542500
-0.542500,0.350000,-0.472500
-0.472500,0.210000,-0.769999
-0.769999,-0.070000,-0.647500
-0.647500,0.280000,-0.332500
-0.332500,0.210000,-0.420000
-0.420000,0.245000,-0.577500
-0.577500,0.052500,-0.385000
-0.385000,0.140000,-0.595000
-0.595000,0.035000,-0.525000
-0.525000,0.087500,-0.577500
-0.577500,0.140000,-0.752499
-0.752499,0.385000,-0.210000
-0.210000,0.245000,-0.122500
-0.122500,-0.175000,-0.455000
-0.455000,0.157500,-0.350000
-0.350000,0.140000,-0.280000
-0.280000,0.175000,-0.717499
-0.717499,0.175000,0.157500
0.157500,0.210000,-0.297500
-0.297500,-0.105000,-0.542500
-0.542500,0.070000,-0.332500
-0.332500,-0.017500,-0.245000
-0.245000,0.105000,-0.542500
-0.542500,0.262500,-0.734999
-0.734999,0.070000,-0.490000
-0.490000,0.087500,-0.332500
-0.332500,0.297500,-0.700000
-0.700000,0.157500,-0.332500
-0.332500,0.087500,-0.420000
-0.420000,0.175000,-0.245000
-0.245000,-0.105000,-0.525000
-0.525000,0.157500,-0.490000
-0.490000,-0.035000,-0.472500
-0.472500,0.315000,-0.437500
-0.437500,0.087500,-0.437500
-0.437500,0.192500,-0.665000
-0.665000,1.399999,-0.682500
-0.682500,0.157500,-0.525000
-0.525000,0.070000,-0.734999
-0.734999,0.017500,-0.507500
-0.507500,0.122500,-0.630000
-0.630000,0.000000,-0.420000
-0.420000,0.192500,-0.630000
-0.630000,0.070000,-0.525000
-0.525000,0.297500,-0.262500
-0.262500,0.035000,-0.665000
-0.665000,-0.052500,-0.385000
-0.385000,0.245000,-0.210000
-0.210000,0.052500,-0.402500
-0.402500,0.000000,-0.665000
-0.665000,0.105000,-0.367500
-0.367500,0.105000,-0.455000
-0.455000,0.157500,-0.490000
-0.490000,-0.017500,-0.280000
-0.280000,-0.017500,-0.734999
-0.734999,0.087500,-0.577500
-0.577500,0.087500,-0.665000
-0.665000,-0.017500,-0.385000
-0.385000,0.192500,-0.734999
-0.734999,0.122500,-0.122500
-0.122500,0.017500,-0.647500
-0.647500,-0.490000,-0.490000
-0.490000,0.122500,-0.367500
-0.367500,0.140000,-0.367500
-0.367500,0.122500,-0.560000
-0.560000,0.245000,-0.385000
-0.385000,0.192500,-0.507500
-0.507500,0.087500,-0.525000
-0.525000,0.245000,-0.192500
-0.192500,0.122500,-0.525000
-0.525000,0.035000,-0.315000
-0.315000,0.035000,-0.525000
-0.525000,0.280000,-0.420000
-0.420000,-0.070000,-0.490000
-0.490000,0.175000,-0.455000
-0.455000,0.122500,-0.385000
-0.385000,0.122500,-0.542500
-0.542500,-0.017500,-0.507500
-0.507500,0.192500,-0.385000
-0.385000,0.140000,-0.402500
-0.402500,0.262500,-0.752499
-0.752499,0.157500,-0.665000
-0.665000,0.210000,-0.245000
-0.245000,-0.035000,-0.507500
-0.507500,0.140000,-0.577500
-0.577500,-0.052500,-0.542500
-0.542500,0.105000,-0.367500
-0.367500,0.070000,-0.472500
-0.472500,0.245000,-0.769999
-0.769999,0.175000,-0.525000
-0.525000,0.210000,-0.350000
-0.350000,0.122500,-0.437500
-0.437500,0.245000,-0.315000
-0.315000,-0.210000,-0.752499
-0.752499,0.227500,-0.525000
-0.525000,0.262500,-0.420000
-0.420000,0.297500,-0.525000
-0.525000,0.017500,-0.700000
-0.700000,0.017500,-0.472500
-0.472500,0.070000,-0.367500
-0.367500,-0.052500,-0.437500
-0.437500,0.122500,-0.682500
-0.682500,0.280000,-0.700000
-0.700000,0.420000,-0.804999
-0.804999,0.175000,-0.595000
-0.595000,0.262500,-0.507500
-0.507500,0.245000,-0.665000
-0.665000,0.087500,-0.612500
-0.612500,0.210000,-0.630000
-0.630000,0.000000,-0.437500
-0.437500,0.210000,-0.385000
-0.385000,0.140000,-0.682500
-0.682500,-0.122500,-0.507500
-0.507500,0.157500,-0.507500
-0.507500,0.245000,-0.577500
-0.577500,0.140000,-0.367500
-0.367500,0.052500,-0.367500
-0.367500,0.035000,-0.612500
-0.612500,0.087500,-0.490000
-0.490000,0.087500,-0.525000
-0.525000,0.245000,-0.630000
-0.630000,0.017500,-0.542500
-0.542500,0.192500,-0.385000
-0.385000,0.070000,-0.525000
-0.525000,0.035000,-0.315000
-0.315000,0.087500,-0.682500
-0.682500,0.175000,-0.630000
-0.630000,0.280000,-0.367500
-0.367500,0.035000,-0.560000
-0.560000,0.122500,-0.420000
-0.420000,0.227500,-0.420000
-0.420000,-0.192500,-0.595000
-0.595000,0.210000,-0.297500
-0.297500,-0.017500,-0.665000
-0.665000,-0.087500,-0.385000
-0.385000,0.140000,-0.612500
-0.612500,0.227500,-0.402500
-0.402500,0.017500,-0.437500
-0.437500,0.105000,-0.490000
-0.490000,0.122500,-0.507500
-0.507500,0.140000,-0.525000
-0.525000,0.227500,-0.472500
-0.472500,-0.070000,-0.472500
-0.472500,-0.122500,-0.332500
-0.332500,0.385000,-0.525000
-0.525000,0.210000,-0.542500
-0.542500,-0.017500,-0.332500
-0.332500,0.035000,-0.647500
-0.647500,0.157500,-0.245000
-0.245000,0.052500,-0.595000
-0.595000,0.035000,-0.525000
-0.525000,0.227500,-0.752499
-0.752499,0.210000,-0.630000
-0.630000,0.087500,-0.647500
-0.647500,0.717499,0.472500
-0.577500,-0.017500,0.385000
ALTITUDE
899.404358
895.688721
900.259766
898.227356
897.324097
896.037659
894.573425
896.085571
899.028015
895.750305
898.911682
898.056274
898.644775
902.066467
896.516663
897.187256
894.087585
894.525513
Cache dumped
